#, Interest Expected, Principal Expected, Principle Remaining, Total Amount Due
1,18851.61,-17413.00,117413.00,1438.61
2,469.65,968.96,116444.04,1438.61
3,465.78,972.84,115471.20,1438.61
4,461.88,976.73,114494.47,1438.61
5,457.98,980.64,113513.83,1438.61
6,454.06,984.56,112529.28,1438.61
7,450.12,988.50,111540.78,1438.61
8,446.16,992.45,110548.33,1438.61
9,442.19,996.42,109551.91,1438.61
10,438.21,1000.41,108551.50,1438.61
11,434.21,1004.41,107547.09,1438.61
12,430.19,1008.43,106538.67,1438.61
13,426.15,1012.46,105526.21,1438.61
14,422.10,1016.51,104509.70,1438.61
15,418.04,1020.57,103489.13,1438.61
16,413.96,1024.66,102464.47,1438.61
17,409.86,1028.76,101435.71,1438.61
18,405.74,1032.87,100402.84,1438.61
19,401.61,1037.00,99365.84,1438.61
20,397.46,1041.15,98324.69,1438.61
21,393.30,1045.32,97279.37,1438.61
22,389.12,1049.50,96229.88,1438.61
23,384.92,1053.69,95176.18,1438.61
24,380.70,1057.91,94118.27,1438.61
25,376.47,1062.14,93056.13,1438.61
26,372.22,1066.39,91989.74,1438.61
27,367.96,1070.65,90919.09,1438.61
28,363.68,1074.94,89844.15,1438.61
29,359.38,1079.24,88764.92,1438.61
30,355.06,1083.55,87681.36,1438.61
31,350.73,1087.89,86593.47,1438.61
32,346.37,1092.24,85501.23,1438.61
33,342.00,1096.61,84404.62,1438.61
34,337.62,1101.00,83303.63,1438.61
35,333.21,1105.40,82198.23,1438.61
36,328.79,1109.82,81088.41,1438.61
37,324.35,1114.26,79974.15,1438.61
38,319.90,1118.72,78855.43,1438.61
39,315.42,1123.19,77732.24,1438.61
40,310.93,1127.68,76604.55,1438.61
41,306.42,1132.20,75472.36,1438.61
42,301.89,1136.72,74335.63,1438.61
43,297.34,1141.27,73194.36,1438.61
44,292.78,1145.84,72048.53,1438.61
45,288.19,1150.42,70898.11,1438.61
46,283.59,1155.02,69743.09,1438.61
47,278.97,1159.64,68583.44,1438.61
48,274.33,1164.28,67419.16,1438.61
49,269.68,1168.94,66250.23,1438.61
50,265.00,1173.61,65076.61,1438.61
51,260.31,1178.31,63898.31,1438.61
52,255.59,1183.02,62715.29,1438.61
53,250.86,1187.75,61527.53,1438.61
54,246.11,1192.50,60335.03,1438.61
55,241.34,1197.27,59137.76,1438.61
56,236.55,1202.06,57935.69,1438.61
57,231.74,1206.87,56728.82,1438.61
58,226.92,1211.70,55517.12,1438.61
59,222.07,1216.55,54300.58,1438.61
60,217.20,1221.41,53079.17,1438.61
61,212.32,1226.30,51852.87,1438.61
62,207.41,1231.20,50621.67,1438.61
63,202.49,1236.13,49385.54,1438.61
64,197.54,1241.07,48144.47,1438.61
65,192.58,1246.04,46898.43,1438.61
66,187.59,1251.02,45647.41,1438.61
67,182.59,1256.02,44391.39,1438.61
68,177.57,1261.05,43130.34,1438.61
69,172.52,1266.09,41864.25,1438.61
70,167.46,1271.16,40593.09,1438.61
71,162.37,1276.24,39316.85,1438.61
72,157.27,1281.35,38035.50,1438.61
73,152.14,1286.47,36749.03,1438.61
74,147.00,1291.62,35457.42,1438.61
75,141.83,1296.78,34160.63,1438.61
76,136.64,1301.97,32858.66,1438.61
77,131.43,1307.18,31551.48,1438.61
78,126.21,1312.41,30239.07,1438.61
79,120.96,1317.66,28921.42,1438.61
80,115.69,1322.93,27598.49,1438.61
81,110.39,1328.22,26270.27,1438.61
82,105.08,1333.53,24936.74,1438.61
83,99.75,1338.87,23597.87,1438.61
84,94.39,1344.22,22253.65,1438.61
85,89.01,1349.60,20904.05,1438.61
86,83.62,1355.00,19549.05,1438.61
87,78.20,1360.42,18188.63,1438.61
88,72.75,1365.86,16822.77,1438.61
89,67.29,1371.32,15451.45,1438.61
90,61.81,1376.81,14074.64,1438.61
91,56.30,1382.32,12692.33,1438.61
92,50.77,1387.84,11304.48,1438.61
93,45.22,1393.40,9911.09,1438.61
94,39.64,1398.97,8512.12,1438.61
95,34.05,1404.57,7107.55,1438.61
96,28.43,1410.18,5697.37,1438.61
97,22.79,1415.82,4281.54,1438.61
98,17.13,1421.49,2860.06,1438.61
99,11.44,1427.17,1432.88,1438.61
100,5.73,1432.88,0.00,1438.61
